Avg loss: 1.7414
Avg acc: 0.3844 (+/- 0.0936)

Classification report (per class):
              precision    recall  f1-score   support

           0     0.3701    0.3911    0.3803       900
           1     0.3972    0.3822    0.3896       900
           2     0.3758    0.3700    0.3729       900
           3     0.3712    0.3633    0.3672       900
           4     0.4173    0.4122    0.4148       900
           5     0.3765    0.3878    0.3820       900

    accuracy                         0.3844      5400
   macro avg     0.3847    0.3844    0.3845      5400
weighted avg     0.3847    0.3844    0.3845      5400


Confusion matrix:
[[352 113  92 132  94 117]
 [129 344 110 107  94 116]
 [124 119 333  92 114 118]
 [115  99 120 327 117 122]
 [112 100  99 113 371 105]
 [119  91 132 110  99 349]]